'AgroPaul', 5, 120, 3, 5 
LatLon(lat=47.37956617956351째, lon=1.425550725544581째), [3.5311164439921208, 3.942553674158508, 9.531246272848422, 7.955469475347195, 4.942498668904205], [[3, 13, 11], [4, 15, 59]] 
LatLon(lat=47.445599722644985째, lon=1.4134106190396882째), [7.484150218874741, 5.782319465613976, 7.279350012266056, 0.07448006132865004, 1.9937661409915552], [[0, 10, 2], [2, 13, 1], [3, 9, 52]] 
