'AgroPaul', 5, 120, 3, 5 
LatLon(lat=47.37956617956351°, lon=1.425550725544581°), [9.531246272848422, 7.955469475347195, 4.942498668904205, 7.484150218874741, 5.782319465613976], [[2, 13, 1], [1, 9, 52]] 
LatLon(lat=47.445599722644985°, lon=1.4134106190396882°), [7.279350012266056, 0.07448006132865004, 1.9937661409915552, 4.392431254532683, 6.825326622623844], [[3, 13, 23]] 
LatLon(lat=47.384887179063895°, lon=1.483459951923191°), [9.567409540049077, 6.478553157718558, 9.96665291437684, 7.491940599574349, 1.1008426115113379], [[2, 15, 35], [0, 12, 36], [1, 13, 25]] 
