'AgroPaul', 5, 120, 3, 5 
LatLon(lat=47.398447391360776°, lon=1.4980198968372467°), [7.626809386052223, 7.170918095717617, 9.05817627501678, 2.3493205409020215, 1.0673623879315253], [[3, 15, 20]] 
LatLon(lat=47.398316429415885°, lon=1.4198473786029628°), [8.28707457977715, 2.1745277937745655, 3.977534880781195, 2.2164122354664717, 9.98797730970836], [[4, 11, 16]] 
LatLon(lat=47.44529874980196°, lon=1.4170471179443873°), [5.383419924746864, 1.581902331626901, 9.110622375053174, 1.2847797635793845, 7.934536188474129], [[1, 8, 19], [3, 10, 33]] 
LatLon(lat=47.4061033461089°, lon=1.4580944250210819°), [0.9323765658324202, 4.090911073070394, 7.392204034109989, 0.7714069736459728, 4.315788496632093], [[1, 14, 1]] 
