'AgroPaul', 5, 120, 3, 5 
LatLon(lat=47.39810502479879°, lon=1.4698263164995569°), [2.151062346410336, 8.561597364379391, 4.637149418360384, 7.9179617666986974, 8.285553702722662], [[4, 9, 14], [0, 12, 14], [1, 8, 26]] 
LatLon(lat=47.372606817488865°, lon=1.4668562749751197°), [2.846757161327335, 3.693382855033703, 1.1357330294544954, 3.279742606763284, 9.035549904696612], [[3, 13, 57], [4, 8, 17]] 
LatLon(lat=47.35835639036685°, lon=1.3660801425049465°), [5.583463225481098, 5.508074331486142, 7.2000015361114835, 6.640328948145589, 0.697419953650219], [[0, 8, 1], [2, 12, 20], [4, 13, 46]] 
LatLon(lat=47.46925645503616°, lon=1.4234143263795433°), [0.7828844854400596, 7.974893653852161, 6.99818419066869, 1.7877516577128305, 6.737576540204328], [[0, 15, 30], [4, 14, 56]] 
